// Monsters Additional Database
//
// Structure of Database :
// ID,Sprite_Name,kROName,iROName,LV,HP,SP,EXP,JEXP,Range1,ATK1,ATK2,DEF,MDEF,STR,AGI,VIT,INT,DEX,LUK,Range2,Range3,Scale,Race,Element,Mode,Speed,aDelay,aMotion,dMotion,MEXP,MVP1id,MVP1per,MVP2id,MVP2per,MVP3id,MVP3per,Drop1id,Drop1per,Drop2id,Drop2per,Drop3id,Drop3per,Drop4id,Drop4per,Drop5id,Drop5per,Drop6id,Drop6per,Drop7id,Drop7per,Drop8id,Drop8per,Drop9id,Drop9per,DropCardid,DropCardper

// rAthena Dev Team
//1900,VALARIS,Valaris,Valaris,99,668000,0,107250,37895,2,3220,4040,35,45,1,152,96,85,120,95,10,10,2,6,67,0x1973,100,1068,768,576,13000,608,1000,750,400,923,3800,1466,200,2256,200,2607,800,714,500,617,3000,984,4300,985,5600,0,0,0,0,4147,1
//1901,VALARIS_WORSHIPPER,Valaris's Worshipper,Valaris's Worshipper,50,8578,0,2706,1480,1,487,590,15,25,1,75,55,1,93,45,10,12,0,6,27,0x1685,100,868,480,120,0,0,0,0,0,0,0,923,500,984,63,1464,2,607,50,610,100,503,300,2405,50,0,0,0,0,4129,1
//1902,MC_CAMERI,MC Cameri,MC Cameri,99,668000,0,107250,37895,2,3220,4040,35,45,1,152,96,85,120,95,10,10,2,6,67,0x1973,100,1068,768,576,13000,608,1000,750,400,923,3800,1466,200,2256,200,2607,800,714,500,617,3000,984,4300,985,5600,0,0,0,0,4147,1
//1903,POKI,Poki#3,Poki#3,99,1349000,0,4093000,1526000,9,4892,9113,22,35,1,180,39,67,193,130,10,12,1,7,64,0x1973,120,500,672,480,92100,603,5500,617,3000,1723,1000,1228,100,1236,500,617,2500,1234,75,1237,125,1722,250,1724,100,1720,50,0,0,0,0
//1904,SENTRY,Sentry,Sentry,99,668000,0,107250,37895,2,3220,4040,35,45,1,152,96,85,120,95,10,10,2,6,67,0x1973,100,1068,768,576,13000,608,1000,750,400,923,3800,1466,200,2256,200,2607,800,714,500,617,3000,984,4300,985,5600,0,0,0,0,4147,1

// Custom Hollow Poring (overrrides/collides with META_ANDRE)
//1237,HOLLOW_PORING,Hollow Poring,Hollow Poring,1,50,0,2,1,1,7,10,0,5,1,1,1,0,6,30,10,12,1,3,21,0x83,400,1872,672,480,0,0,0,0,0,0,0,909,7000,1202,100,938,400,512,1000,713,1500,512,150,619,20,0,0,0,0,4001,10
// Custom Fire Poring. Warning, Colides with META_DENIRO
//1239,FIRE_PORING,Fire Poring,Fire Poring,1,50,0,2,1,1,7,10,0,5,1,1,1,1,6,30,10,12,1,3,21,0x131,400,1872,672,480,0,0,0,0,0,0,0,909,7000,1202,100,938,400,512,1000,713,1500,741,5,619,20,0,0,0,0,4001,20

// Lunar New Year 2008 Event Monster overrides
// Uncomment if event is enabled, as these drops modifications are nessecary.
//1145,MARTIN,Martin,Martin,18,1109,0,134,86,1,52,63,0,5,12,18,30,15,15,5,10,12,0,2,42,0x81,300,1480,480,480,0,0,0,0,0,0,0,1017,9000,1018,500,1251,10,2225,5,5009,1,10010,10,2224,15,7869,1500,0,0,4046,1
//1175,TAROU,Tarou,Tarou,11,284,0,57,28,1,34,45,0,0,1,20,11,10,24,5,10,12,0,2,27,0x91,150,1744,1044,684,0,0,0,0,0,0,0,1016,9000,919,3000,949,800,528,1000,701,2,7869,2500,0,0,0,0,0,0,4028,1
//1209,CRAMP,Cramp,Cramp,56,4720,0,2300,1513,1,395,465,0,5,1,85,35,5,65,60,10,12,0,2,45,0x3095,100,1000,500,1000,0,0,0,0,0,0,0,7007,4656,528,1000,726,80,746,110,568,250,510,70,984,95,7869,1500,0,0,4296,1

// iRO St. Patricks Day 2008 Event Monster overrides
// Uncomment if event is enabled, as these drops modifications are nessecary.
//1841,G_SNAKE_,Snake Lord's Minon,Snake Lord's Minon,15,471,0,72,48,1,46,55,0,0,1,15,15,10,35,5,10,12,1,2,22,0x81,200,1576,576,576,0,0,0,0,0,0,0,7915,1000,7916,100,7720,30,12715,7,0,0,0,0,0,0,0,0,0,0,0,0
//1842,G_ANACONDAQ_,Snake Lord's Minon,Snake Lord's Minon,23,1109,0,300,149,1,124,157,0,0,1,23,28,10,36,5,10,12,1,2,25,0x91,200,1576,576,576,0,0,0,0,0,0,0,7915,1000,7916,100,7720,30,12715,7,0,0,0,0,0,0,0,0,0,0,0,0
//1843,SIDE_WINDER_,Snake Lord's Minon,Snake Lord's Minon,43,4929,0,1996,993,1,240,320,5,10,38,43,40,15,115,20,10,12,1,2,25,0x3095,200,1576,576,576,0,0,0,0,0,0,0,7915,1000,7916,100,7720,30,12715,7,0,0,0,0,0,0,0,0,0,0,0,0
//1844,G_ISIS_,Snake Lord's Minon,Snake Lord's Minon,47,7003,0,3709,1550,1,423,507,10,35,38,65,43,50,66,15,10,12,2,6,27,0x3195,200,1384,768,336,0,0,0,0,0,0,0,7915,1000,7916,100,7720,30,12715,8,0,0,0,0,0,0,0,0,0,0,0,0

// iRO Christmas 2008 Event
// Uncomment if event is enabled, as these drops modifications are nessecary.
//1244,JAKK_XMAS,Christmas Jakk,Christmas Jakk,38,3581,0,1113,688,1,315,382,5,30,1,38,38,43,75,45,10,12,1,0,43,0x81,200,1180,480,648,0,0,0,0,0,0,0,529,1000,530,1000,14546,1000,14550,1000,7174,1000,7175,1000,6092,1000,12355,1250,0,0,0,0
//1245,GOBLINE_XMAS,Christmas Goblin,Christmas Goblin,25,1176,0,282,171,1,118,140,10,5,1,53,25,20,38,45,10,12,1,7,24,0x81,100,1120,620,240,0,0,0,0,0,0,0,529,1000,530,1000,14546,1000,14550,1000,7174,1000,7175,1000,6092,1000,12355,1250,0,0,0,0
//1246,COOKIE_XMAS,Christmas Cookie,Christmas Cookie,28,2090,0,461,284,1,140,170,0,50,1,24,30,53,45,100,10,12,0,7,46,0x91,400,1248,1248,240,0,0,0,0,0,0,0,529,1000,530,1000,14546,1000,14550,1000,7174,1000,7175,1000,6092,1000,12355,1250,0,0,0,0
//1247,ANTONIO,Antonio,Antonio,10,10,0,3,2,1,13,20,100,0,1,1,1,50,100,100,10,12,1,3,66,0xC1,100,720,720,432,0,0,0,0,0,0,0,604,500,12354,500,14550,500,5136,500,12132,500,12225,500,5811,500,0,0,0,0,4243,1

// iRO Halloween 2009 Event
// Uncomment if event is enabled. Uncomment the skills for Halloween Whisper in mob_skill_db2.
//3014,HALLOWEEN_WHISPER,Halloween Whisper,Halloween Whisper,1,800,0,0,0,1,10,13,0,45,1,51,14,0,60,0,10,12,0,6,68,0x81,150,1960,960,504,0,0,0,0,0,0,0,12396,150,6299,5335,0,0,0,0,0,0,0,0,0,0,0,0,0,0,0,0
//3015,HALLOWEEN_DARK_LORD,Halloween Dark Lord,Halloween Dark Lord,1,45,0,0,0,1,10,13,0,45,1,51,14,0,60,0,10,12,2,6,89,0x81,100,868,768,480,0,0,0,0,0,0,0,12396,800,12397,5335,0,0,0,0,0,0,0,0,0,0,0,0,0,0,0,0

// iRO Halloween 2008 Event
// Uncomment if event is enabled.
//3000,ZOMBIE,Zombie,Zombie,15,534,0,50,33,1,67,79,0,10,1,8,7,0,15,0,10,12,1,1,29,0x3885,400,2612,912,288,0,0,0,0,0,0,0,957,9000,724,5,938,1000,958,50,727,70,0,0,0,0,0,0,0,0,4038,1
//3001,GHOUL,Ghoul,Ghoul,40,5418,0,1088,622,1,420,500,5,20,1,20,29,0,45,20,10,12,1,1,49,0x3885,250,2456,912,504,0,0,0,0,0,0,0,958,6000,756,110,509,700,511,800,2609,60,934,150,1260,1,0,0,0,0,4110,1
//3002,ZOMBIE_MASTER,Zombie Master,Zombie Master,62,14211,0,7610,2826,1,824,1084,37,26,25,20,30,5,77,35,10,12,1,1,29,0x3695,175,2612,912,288,0,0,0,0,0,0,0,7071,4413,938,1500,958,1500,723,200,727,100,1260,1,2324,2,0,0,0,0,4274,1

//FakePlayer
25000,fk_aprendiz,fk_aprendiz,fk_aprendiz,9,25000,500,0,0,1,30,150,120,120,1,10,86,49,50,5,10,12,1,6,63,33566871,170,200,600,288,0,0,0,0,0,0,0,0,0,0,0,0,0,0,0,0,0,0,0,0,0,0,0,0,0,0,0
25001,fk_sinx,fk_sinx,fk_sinx,140,2500,1,10329,6846,1,3055,1171,122,12,145,87,59,67,127,76,10,12,1,6,85,0x2003095,180,76,384,288,0,0,0,0,0,0,0,0,0,0,0,0,0,0,0,0,0,0,0,0,0,0,0,0,0,0,0
25002,fk_ferreiro,fk_ferreiro,fk_ferreiro,142,348100,1,10854,7241,1,2762,1282,131,10,138,79,62,53,82,48,10,12,1,7,81,0x3095,180,76,384,288,0,0,0,0,0,0,0,0,0,0,0,0,0,0,0,0,0,0,0,0,0,0,0,0,0,0,0
25003,fk_priest,fk_priest,fk_priest,140,220800,1,9895,7421,1,1277,3554,108,93,126,74,71,123,99,65,10,12,1,7,66,12951,180,1152,384,288,0,0,0,0,0,0,0,0,0,0,0,0,0,0,0,0,0,0,0,0,0,0,0,0,0,0,0
25004,fk_sniper,fk_sniper,fk_sniper,141,190255,1,10103,7577,14,3737,1248,76,15,121,126,67,80,165,42,10,12,1,7,64,0x3095,180,76,384,288,0,0,0,0,0,0,0,0,0,0,0,0,0,0,0,0,0,0,0,0,0,0,0,0,0,0,0
25005,fk_mago,fk_mago,fk_mago,141,250,1,9207,6905,1,1089,3123,77,74,108,78,55,144,139,49,10,12,1,7,68,0x3295,150,1152,384,288,0,0,0,0,0,0,0,0,0,0,0,0,0,0,0,0,0,0,0,0,0,0,0,0,0,0,0


// Abyss Glast Heim
20367,RAYDRIC_H,Contaminated Raydric,Contaminated Raydric,185,2372683,1,207609,145326,1,5720,6680,494,101,129,87,56,32,76,27,10,12,1,7,67,0x3095,150,824,780,420,0,0,0,0,0,0,0,25730,5,26016,1,1004,500,7054,505,0,0,0,0,0,0,0,0,0,0,27354,1
20368,RAYDRIC_ARCHER_H,Contaminated Raydric Archer,Contaminated Raydric Archer,184,2355718,1,197881,138516,1,1081,96,412,101,53,24,40,15,112,30,10,12,2,7,67,0x3095,150,1152,1152,480,0,0,0,0,0,0,0,1764,500,7054,4850,25730,5,0,0,0,0,0,0,0,0,0,0,0,0,27355,1
20369,GARGOYLE_H,Frozen Gargoyle,Frozen Gargoyle,186,2377139,1,216321,151424,9,3830,4720,333,105,100,61,60,57,100,70,10,12,1,6,61,0x2002085,200,1020,720,480,0,0,0,0,0,0,0,912,250,1039,200,1769,100,25730,5,1769,1000,0,0,0,0,0,0,0,0,27356,1
20370,STING_H,Contaminated Sting,Contaminated Sting,180,2297907,1,160854,112597,1,3055,3390,276,100,108,49,68,34,99,24,10,12,1,0,62,0x3695,300,528,500,240,0,0,0,0,0,0,0,7004,4850,1756,1500,0,0,1003,130,997,25,25730,5,6213,800,0,0,0,0,27357,1
20371,RAGGED_ZOMBIE_H,Prison Breaker,Prison Breaker,186,2375279,1,216151,151305,9,4050,4700,297,105,81,50,64,56,127,23,10,12,1,1,49,0x3695,150,1960,576,420,0,0,0,0,0,0,0,7752,3000,2424,15,934,1500,932,4500,2703,2,13107,10,6223,150,2887,100,28619,1,27358,1
20379,ICE_GHOST_H,Ice Ghost,Ice Ghost,189,2418315,1,228531,159972,2,2600,1750,64,51,62,27,25,55,85,20,10,12,1,6,61,0x2003695,150,1056,1056,480,0,0,0,0,0,0,0,912,4559,932,6000,7005,500,0,0,1611,8,996,100,1615,1,26139,1,25730,1,27359,1
20380,FLAME_GHOST_H,Flame Ghost,Flame Ghost,189,2410282,1,227772,159440,2,2600,1650,237,118,62,27,25,55,85,20,10,12,1,6,63,0x2003695,150,1056,1056,480,0,0,0,0,0,0,0,912,4559,932,6000,7005,500,693,100,1611,8,996,100,1615,1,26138,1,25730,5,27360,1
20420,WANDER_MAN_H,Contaminated Wanderer,Contaminated Wanderer,187,2387582,1,236908,165836,2,7110,8160,289,102,118,92,36,15,107,33,10,12,1,6,44,33556613,100,672,500,480,0,0,0,0,0,0,0,7005,100,616,1,21039,1,610,10,25730,5,0,0,0,0,0,0,0,0,27361,1
//20421,BRINARANEA_H,Brinaranea,Brinaranea,195,74530159,0,1014661,710262,3,6904,2500,285,112,135,135,12,72,220,91,10,11,2,6,67,69743253,150,620,384,480,507330,607,50,0,0,0,0,1025,500,25729,1,25731,1,607,100,0,0,0,0,0,0,0,0,0,0,0,0
//20422,DARK_LORD_H,Contaminated Dark Lord,Contaminated Dark Lord,194,74289189,1,1071360,837000,2,6117,3333,503,134,118,136,154,142,161,66,10,12,2,1,89,0x6283695,100,868,768,480,535680,7005,6000,5093,500,617,2000,25731,1,0,0,2049,500,25729,1,607,100,985,5141,7005,100,0,0,0,0,0,0

// Magma Dungeon F3
20372,BLAZZER_H,Rigid Blazer,Rigid Blazer,178,1522580,0,138416,96891,2,2864,2330,397,70,97,96,73,131,131,67,10,12,1,6,40,33566869,180,1732,1332,480,0,0,0,0,0,0,0,7097,100,7098,50,509,200,25728,5,15378,1,15379,1,0,0,0,0,0,0,27353,1
20373,NIGHTMARE_TERROR_H,Rigid Nightmare Terror,Rigid Nightmare Terror,179,1523377,0,138489,96942,2,2434,3251,242,75,81,149,21,186,129,61,10,12,2,6,67,33568901,165,1216,816,480,0,0,0,0,0,0,0,7120,150,505,100,510,200,15380,1,22199,1,25728,5,0,0,0,0,0,0,27352,1
20374,DELETER1_H,Rigid Sky Deleter,Rigid Sky Deleter,174,1486915,0,135174,94622,2,3317,1396,363,64,116,109,63,76,119,47,10,12,1,9,40,12429,175,1020,720,480,0,0,0,0,0,0,0,7123,250,1035,300,1037,300,1036,250,25728,5,22200,1,0,0,0,0,0,0,27351,1
20375,DELETER2_H,Rigid Earth Deleter,Rigid Earth Deleter,173,1478369,0,134397,94078,2,3299,1724,362,66,116,137,63,97,126,29,10,12,1,9,40,12429,175,1024,624,480,0,0,0,0,0,0,0,7123,250,1035,200,1037,125,1036,100,22201,1,25728,5,0,0,0,0,0,0,27350,1
20376,EXPLOSION_H,Rigid Explosion,Rigid Explosion,171,1457859,0,132533,92773,2,2542,2322,288,68,89,117,39,136,97,69,10,12,0,2,40,14469,165,1260,960,480,0,0,0,0,0,0,0,7006,300,7097,100,7122,100,25728,5,522,125,20935,1,0,0,0,0,0,0,27349,1
20377,KAHO_H,Rigid Kaho,Rigid Kaho,173,1473468,0,133952,93766,2,2760,2555,260,70,96,130,29,149,112,51,10,12,1,0,47,33568901,150,1700,1000,480,0,0,0,0,0,0,0,994,200,1003,250,7097,200,25728,5,716,300,970,125,20936,1,0,0,0,0,27347,1
20378,LAVA_GOLEM_H,Rigid Lava Golem,Rigid Lava Golem,177,1529661,0,139060,97342,2,3510,1419,714,63,121,67,179,76,97,45,10,12,0,0,20,12437,400,2040,2190,480,0,0,0,0,0,0,0,7096,125,7097,100,509,300,6245,100,20937,1,25728,5,0,0,0,0,0,0,27348,1
20419,MUSPELLSKOLL_H,Rigid Muspellskoll,Rigid Muspellskoll,188,48530254,0,9706050,6794235,2,6583,3438,791,331,219,132,201,188,177,66,10,12,2,6,63,103298197,150,420,384,480,494377,607,50,7096,3,0,0,25729,20,25731,20,0,0,0,0,0,0,0,0,0,0,0,0,0,0,0,0

//- Odin Past
20604,ANGELGOLT_MJ,Angelgiold,Angelgiold,191,3810950,0,5067900,4580900,1,5814,8562,145,145,120,200,65,256,225,75,10,12,0,8,46,102772885,160,790,1000,500,0,0,0,0,0,0,0,7063,1500,7511,250,25767,30,300008,0,12040,150,0,0,0,0,0,0,0,0,0,0
20605,ANGELGOLT2_MJ,Angelgiold,Angelgiold,191,3810950,0,5067900,4580900,1,5814,8263,145,145,155,158,65,256,225,75,10,12,0,8,86,102772885,160,790,1000,500,0,0,0,0,0,0,0,7063,1500,7511,250,25767,30,0,0,0,0,0,0,0,0,0,0,0,0,300008,0
20606,HOLY_SKOGUL_MJ,Nordic Skogul,Nordic Skogul,193,4289555,0,2300160,1860100,2,6891,10420,315,125,176,148,69,192,246,87,10,12,1,8,66,33566869,160,788,1000,500,0,0,0,0,0,0,0,7054,500,7063,1500,7511,250,25767,30,0,0,0,0,0,0,0,0,0,0,300011,0
20607,HOLY_FRUS_MJ,Nordic Frus,Nordic Frus,202,4105030,0,2300160,1860160,2,6790,10241,349,101,179,197,73,201,245,27,10,12,1,8,86,33566869,160,800,1000,500,0,0,0,0,0,0,0,0,0,7054,500,7063,1500,7511,250,0,0,25767,30,0,0,0,0,0,0,300012,0
20610,REGINLEIF_MJ,Valkyrie Reginleif,Valkyrie Reginleif,207,79249813,0,38748867,17263977,3,7924,11630,588,506,281,199,147,298,201,101,10,12,1,8,83,103297173,130,500,1000,500,6500000,617,2000,603,5000,616,2000,0,0,0,0,0,0,0,0,0,0,0,0,0,0,0,0,0,0,300013,0
20611,INGRID_MJ,Valkyrie Ingrid,Valkyrie Ingrid,207,75393148,0,38748867,17263977,3,7311,10721,588,506,297,185,135,315,259,156,10,12,1,8,81,103297173,130,500,1000,500,6500000,617,2000,603,5000,616,2000,0,0,0,0,0,0,0,0,0,0,0,0,0,0,0,0,0,0,300014,0
//-----------------------------------


// Eps 17.1 - Illusion
20340,MD_EL_A17T,EL-A17T,EL-A17T,118,16412000,1,5279658,4585648,1,1525,2142,355,42,173,143,77,148,202,84,10,12,2,0,80,103298709,220,125,1104,240,560000,0,0,0,0,0,0,7319,1000,25669,1000,25668,1000,25723,1000,6751,1000,0,0,0,0,0,0,0,0,27305,1
20341,MD_E_EA1L,E-EA1L,E-EA1L,116,24810,1,5376,4906,2,1029,1446,75,37,80,46,45,71,95,32,10,12,1,0,60,33566869,155,741,1536,480,0,0,0,0,0,0,0,7213,1000,25669,5,975,5,0,0,0,0,0,0,0,0,0,0,0,0,27320,1
20342,MD_E_EA2S,E-EA2S,E-EA2S,117,26200,1,5448,4790,3,1085,1514,101,37,110,75,47,49,86,61,10,12,2,0,60,12437,165,1152,1152,336,0,0,0,0,0,0,0,7512,500,25669,5,7313,700,0,0,0,0,0,0,0,0,0,0,0,0,27304,1
20343,MD_E_13EN0,E-13EN0,E-13EN0,118,26840,1,5570,4992,1,1078,1551,72,29,95,76,38,76,86,61,10,12,1,5,81,12437,180,680,576,240,0,0,0,0,0,0,0,938,500,7565,700,7326,700,757,5,985,5,25723,1,0,0,0,0,0,0,0,0
20344,MD_VENOM_BUG,Chemical Bug,Chemical Bug,117,10000,1,5488,4790,1,1027,1427,101,37,110,75,47,49,500,61,10,12,2,0,40,70713344,2000,720,360,360,0,0,0,0,0,0,0,0,0,0,0,0,0,0,0,0,0,0,0,0,0,0,0,0,0,0,0
20345,MD_CONSTANT,Chemical Bomb,Chemical Bomb,117,30000,1,5488,4790,1,1027,1427,101,37,110,75,47,49,500,61,10,12,2,0,40,70713352,2000,720,360,360,0,0,0,0,0,0,0,0,0,0,0,0,0,0,0,0,0,0,0,0,0,0,0,0,0,0,0
20346,MD_MIGUEL,Miguel,Miguel,115,8600000,1,2400000,1800000,1,3787,5527,216,95,192,115,28,66,179,85,10,12,1,7,84,103297173,300,1480,670,240,900000,0,0,0,0,0,0,1029,1000,25669,1000,25668,1000,25723,1000,0,0,0,0,0,0,0,0,0,0,27318,1
20347,MD_MIGUEL_G,Miguel,Miguel,115,8600000,1,0,0,1,3787,5527,216,95,192,115,28,66,179,85,10,12,1,7,84,103297173,300,1480,670,240,1,0,0,0,0,0,0,0,0,0,0,0,0,0,0,0,0,0,0,0,0,0,0,0,0,0,0
20348,MD_A013_CAPUT,Incomplete Twin Caput,Incomplete Twin Caput,110,31000,1,520,500,1,945,1305,79,40,115,85,81,92,121,47,10,12,1,7,47,12437,150,1180,480,360,0,0,0,0,0,0,0,7511,1000,6089,450,1044,200,1050,1000,25723,1,0,0,0,0,0,0,0,0,0,0
20349,MD_A013_DOLOR,Incomplete Dolor,Incomplete Dolor,111,31000,1,5300,4800,1,856,1176,42,65,105,45,42,88,180,65,10,12,1,7,65,12437,180,1640,380,210,0,0,0,0,0,0,0,7012,200,7565,600,1019,500,25723,1,7563,400,0,0,0,0,0,0,0,0,0,0
20350,MD_A013_BELLARE,Incomplete Bellare,Incomplete Bellare,112,38000,1,6500,6000,9,1131,1587,76,15,107,82,44,29,148,62,10,14,1,7,40,12437,160,761,210,140,0,0,0,0,0,0,0,25159,600,757,50,985,50,25279,75,6213,75,25669,1,0,0,0,0,0,0,0,0
20351,MD_MANHOLE2,Ghost,Ghost,1,10000,1,25,25,2,402,602,200,10,1,1,1,1,500,1,10,12,0,4,88,104267940,1000,330,20,20,0,0,0,0,0,0,0,0,0,0,0,0,0,0,0,0,0,0,0,0,0,0,0,0,0,0,0
20352,MD_POMPOM,PomPom,PomPom,112,35000,1,0,0,1,859,1201,85,42,63,84,12,55,138,12,10,12,1,0,65,149,350,768,1440,672,0,0,0,0,0,0,0,0,0,0,0,0,0,0,0,0,0,0,0,0,0,0,0,0,0,0,0
20353,MD_CROB,Failed Experiment,Failed Experiment,111,3441000,1,2350800,1174000,5,2991,4351,42,65,160,77,100,40,235,55,10,12,0,0,20,102772885,200,1640,380,210,0,0,0,0,0,0,0,0,0,0,0,0,0,0,0,0,0,0,0,0,0,0,0,0,0,0,0
20355,EP17_1_BELLARE1,Bellare,Bellare,120,29619,1,6582,5266,9,848,1184,146,27,56,72,43,53,131,67,10,12,1,7,40,12437,160,761,210,140,0,0,0,0,0,0,0,25159,700,757,50,985,10,25723,5,25669,20,6213,10,0,0,0,0,0,0,27306,1
20356,EP17_1_BELLARE2,Greater Bellare,Greater Bellare,165,473302,1,86054,60238,9,2247,3228,263,37,119,101,90,79,172,93,10,12,1,7,60,33566869,160,761,210,140,0,0,0,0,0,0,0,757,50,985,10,6213,10,25159,700,25669,150,25723,150,0,0,0,0,0,0,27307,1
20357,EP17_1_SANARE1,Sanare,Sanare,120,30159,1,6702,5362,1,783,1089,200,27,51,51,70,63,117,77,10,12,1,8,47,12437,160,962,362,240,0,0,0,0,0,0,0,25279,500,25159,600,984,10,756,50,25669,20,6213,20,0,0,0,0,0,0,27308,1
20358,EP17_1_SANARE2,Greater Sanare,Greater Sanare,168,482327,1,87696,61388,1,2108,3023,276,41,109,97,96,141,139,77,10,12,1,8,67,33566869,160,962,362,240,0,0,0,0,0,0,0,25159,1000,757,50,985,10,25723,200,6213,5,25669,200,0,0,0,0,0,0,27309,1
20359,EP17_1_PLAGA1,Plaga,Plaga,164,466948,1,84900,59430,1,2669,3850,160,38,144,60,39,113,125,70,10,12,1,9,40,102774421,250,1280,1080,240,0,0,0,0,0,0,0,7326,1000,943,350,7123,600,721,50,25723,50,0,0,0,0,0,0,0,0,27310,1
20360,EP17_1_PLAGA2,Mutant Plaga,Mutant Plaga,178,760548,1,138282,96798,1,3881,5634,215,71,197,93,63,134,172,90,10,12,1,9,40,33566869,250,1280,1080,240,0,0,0,0,0,0,0,7326,1000,943,350,7123,600,721,50,25723,150,0,0,0,0,0,0,0,0,27311,1
20361,EP17_1_DOLOR1,Dolor,Dolor,122,40204,1,8934,7148,5,1099,1550,227,28,74,71,83,69,111,2,10,14,1,7,45,12437,180,1640,380,210,0,0,0,0,0,0,0,7012,600,7565,500,1019,500,25723,20,7563,375,0,0,0,0,0,0,0,0,27312,1
20362,EP17_1_DOLOR2,Mutant Dolor,Mutant Dolor,173,742501,1,135000,94500,5,3266,4728,305,68,169,103,109,121,161,6,10,14,1,2,65,33566869,180,1640,380,210,0,0,0,0,0,0,0,7012,1000,7565,1000,1019,1000,25723,150,7563,1000,0,0,0,0,0,0,0,0,27313,1
20363,EP17_1_VENENUM1,Venenum,Venenum,123,40720,1,9048,7240,1,1146,1619,242,27,77,37,90,39,103,3,10,12,1,7,45,12437,180,680,576,240,0,0,0,0,0,0,0,938,500,7565,500,7326,400,757,50,985,10,25723,20,0,0,0,0,0,0,27314,1
20364,EP17_1_VENENUM2,Mutant Venenum,Mutant Venenum,176,755670,1,137394,96176,1,3486,5025,314,69,177,91,113,119,193,9,10,12,1,7,60,33566869,180,680,576,240,0,0,0,0,0,0,0,1044,500,1050,400,6089,500,7511,500,25723,150,0,0,0,0,0,0,0,0,27315,1
20365,EP17_1_TWIN_CAPUT1,Twin Caput,Twin Caput,125,41735,1,9274,7420,1,1029,1448,269,27,67,45,103,49,90,30,10,12,1,7,47,12437,150,1180,480,360,0,0,0,0,0,0,0,1044,350,1050,400,6089,400,7511,500,25723,20,0,0,0,0,0,0,0,0,27316,1
20366,EP17_1_TWIN_CAPUT2,Mutant Twin Caput,Mutant Twin Caput,175,750501,1,136454,95518,1,3634,5271,290,68,187,90,101,121,143,45,10,12,1,7,60,33566869,150,1180,480,360,0,0,0,0,0,0,0,7511,500,6089,400,1044,350,1050,400,25723,150,0,0,0,0,0,0,0,0,27317,1
20381,REP17_1_R4885_BESTIA,R48-85-BESTIA,R48-85-BESTIA,174,8885000,1,8003000,6009000,1,4010,5818,855,124,220,244,72,118,255,95,10,12,2,2,80,103299221,180,564,221,210,3000000,0,0,0,0,0,0,7450,1000,25669,1000,25731,1000,607,1000,0,0,0,0,0,0,0,0,0,0,27319,1
20382,G_TWIN_CAPUT2,Twin Caput,Twin Caput,175,603341,1,9274,7420,1,1907,2726,269,27,96,55,147,70,128,39,10,12,1,7,60,33566877,150,1080,480,360,0,0,0,0,0,0,0,0,0,0,0,0,0,0,0,0,0,0,0,0,0,0,0,0,0,0,0

//==================================================================================
// Illusion Dungeon :
//==================================================================================
// Vampire
3750,ILL_DRAINLIAR,Illusion Drainliar,Illusion Drainliar,131,42246,0,3928,3769,1,1711,1214,150,45,91,129,96,92,168,90,10,12,0,2,47,33566869,250,1276,576,384,0,0,0,0,0,6223,500,913,1000,7006,1000,25268,1000,0,0,0,0,25262,5,25263,750,0,0,0,0,27102,1
3751,ILL_ZOMBIE_C,Illusion Zombie Cursed,Illusion Zombie Cursed,133,53926,0,4189,3947,1,2042,898,90,24,175,90,192,14,184,14,10,12,1,1,29,14485,400,2612,912,288,0,0,0,0,0,0,0,0,0,0,0,0,0,0,0,0,0,0,0,0,0,25262,5,25267,500,27103,1
3752,ILL_ZOMBIE,Illusion Zombie,Illusion Zombie,130,40984,0,3621,3177,1,1726,763,60,20,150,70,160,7,150,7,10,12,1,1,29,14485,400,2612,912,288,0,0,0,0,0,0,0,0,0,0,0,25261,5,7933,100,25267,500,25266,500,0,0,0,0,0,0,27103,1
3753,ILL_GHOUL,Illusion Ghoul,Illusion Ghoul,136,67379,0,4422,3937,1,1987,972,90,30,156,42,109,101,99,30,10,12,1,1,49,14485,360,2612,912,288,0,0,0,0,0,25261,5,1260,5,6224,10,25267,100,25266,350,2609,30,0,0,0,0,0,0,0,0,27103,1
3754,ILL_NIGHTMARE,Illusion Nightmare,Illusion Nightmare,135,61334,1,1851,866,1,5327,8851,116,30,144,94,84,50,189,68,10,12,2,6,48,0x2003885,165,1216,816,432,0,0,0,0,0,0,0,944,1000,25264,1000,6223,10,0,0,0,0,1261,50,25270,25,0,0,0,0,27101,1
3755,ILL_BLACK_MUSHROOM,Illusion Black Mushroom,Illusion Black Mushroom,130,150000,0,2437,2284,1,3131,9933,418,76,1,1,150,103,500,88,7,12,0,3,22,69206148,2000,1000,800,400,0,0,0,0,0,0,0,970,50,971,50,630,20,949,2000,991,800,921,5500,921,5500,25265,100,25269,5000,7033,1000
3756,ILL_BOMI,Bream,Bream,137,3785100,10,15034,13533,1,4677,2206,60,60,90,87,40,140,199,91,10,12,0,7,49,35666077,120,1238,576,648,0,0,0,25261,25,7321,100,591,100,2343,1,1643,1,969,5,20098,1,25261,100,0,0,0,0,0,0,27105,1
3757,ILL_DRACULA,Illusion Dracula,Illusion Dracula,139,6909690,1,2682753,1817882,3,8009,3665,252,146,195,239,174,201,270,195,10,12,2,6,87,0x6283695,145,1290,1140,576,567040,28510,10,6470,100,607,100,25262,10000,7619,5,7620,5,2507,100,2621,100,1557,100,0,0,0,0,0,0,0,0
// Moonlight
3758,ILL_MOONLIGHT,Angry Moonlight,Angry Moonlight,118,4287803,1,1403238,962759,1,4186,6137,254,81,166,205,100,167,290,240,10,12,1,6,63,103300759,150,1276,576,288,19146705,504,100,1022,50,728,20,25257,25,6224,2500,1477,1000,1234,1000,1525,1000,1648,1000,25256,25,638,250,0,0,27081,1
3759,ILL_NINE_TAIL,Angry Nine Tail,Angry Nine Tail,116,721875,1,9890,27110,1,1009,1395,95,40,121,73,64,42,512,100,10,12,1,2,63,14493,150,840,540,504,0,0,0,0,0,0,0,1022,500,746,125,604,50,6223,50,25272,25,25256,25,0,0,0,0,0,0,27082,1
3760,ILL_MUNAK,Resentful Munak,Resentful Munak,110,717728,1,315,670,1,722,977,77,15,103,18,18,50,666,20,10,12,1,1,29,14469,200,2468,768,288,0,0,0,0,0,0,0,23228,25,23228,25,12197,25,2264,10,901,1000,609,50,0,0,0,0,0,0,27085,1
3761,ILL_BON_GUN,Resentful Bongun,Resentful Bongun,112,719077,0,394,718,0,897,1228,88,5,125,52,49,22,788,40,0,0,1,1,29,14477,200,720,500,420,0,0,0,0,0,0,0,23228,25,5046,20,7938,25,609,100,7277,50,7014,100,0,0,0,0,0,0,27083,1
3762,ILL_SOHEE,Resentful Sohee,Resentful Sohee,114,722414,1,380,988,0,859,1170,83,84,122,49,49,40,884,56,0,0,1,6,41,14485,120,2112,912,576,0,0,0,0,0,0,0,25257,25,1049,100,2277,2,15012,2,12196,25,7932,25,0,0,0,0,0,0,27084,1
3763,ILL_ARCHER_SKELETON,Resentful Soldier,Resentful Soldier,115,720843,1,419,1117,9,788,1095,47,10,60,61,30,20,701,12,10,12,1,1,29,14469,250,2456,912,504,0,0,0,0,0,0,0,25258,25,7937,500,1752,20,1752,50,1752,100,6223,25,2285,2,0,0,0,0,27086,1
3764,ILL_HIGHWIZARD,Wizard of Truth,Wizard of Truth,118,2121847,10,8599,7695,1,1800,2591,20,90,101,89,60,405,555,124,10,12,1,1,27,35666077,100,1425,576,648,0,0,0,0,0,0,0,716,100,715,100,14514,100,14512,100,14513,100,690,100,26110,1,0,0,0,0,27087,1
3765,ILL_FURY_HERO,Deranged Adventurer,Deranged Adventurer,117,1240780,1,966,1301,1,1660,3010,340,20,180,42,126,66,449,50,10,12,1,1,69,2111637,170,176,384,288,0,0,0,0,0,0,0,25259,25,7938,125,12734,25,12738,25,1093,125,930,250,0,0,0,0,0,0,27088,1
// Frozen
3792,ILL_GAZETI,Angry Gazeti,Angry Gazeti,126,325695,1,6755,6454,10,1150,4995,141,42,125,54,64,56,244,62,10,12,1,6,21,0x2003295,190,576,370,270,0,0,0,0,0,0,0,7561,3000,7066,3000,985,20,1731,1,6253,100,6256,200,0,0,25297,25,0,0,27110,1
3793,ILL_SNOWIER,Angry Snowier,Angry Snowier,129,326450,1,7106,6711,1,1325,3825,195,78,136,88,98,78,203,71,10,12,2,0,41,0x3885,200,836,520,420,0,0,0,0,0,0,0,7561,3000,7066,1000,757,100,510,50,509,500,1819,3,991,100,25299,25,0,0,27111,1
3794,ILL_ICE_TITAN,Angry Ice Titan,Angry Ice Titan,133,688280,1,5190,7132,1,1237,2935,644,44,181,70,119,61,224,56,10,12,2,0,61,0x3885,250,861,560,144,0,0,0,0,0,0,0,7561,5000,7066,3000,749,100,984,100,985,30,6253,500,995,100,25298,25,0,0,27112,1
3795,ILL_ICEICLE,Solid Iceicle,Solid Iceicle,100,100012,1,164,122,3,1000,2000,50,35,199,1,1,1,244,1,10,12,0,0,41,0x84,2000,1344,0,0,0,0,0,0,0,0,0,7066,1000,7066,1000,6257,500,7066,500,7066,500,7066,500,7066,500,25297,25,0,0,7066,500
3796,ILL_KTULLANUX,Awaken Ktullanux,Awaken Ktullanux,135,40564326,1,2777284,1937023,3,5589,13589,129,78,125,156,70,165,262,142,10,12,2,2,81,0x6283695,400,432,840,216,2777284,607,5500,617,5000,617,5000,7562,9000,616,3000,2509,3000,2111,5000,617,5000,607,5000,25300,100,0,0,0,0,27113,1
// Abyss (Turtle Island)
3799,ILL_ASSULTER,Ominous Assulter,Ominous Assulter,160,1185016,1,54213,48375,2,5558,7996,669,82,180,161,60,44,214,30,10,12,1,7,44,0x3695,200,512,780,504,0,0,0,0,0,0,0,967,4413,7069,1200,7072,840,6214,200,912,1240,13300,5,603,1,20788,1,25316,25,27117,1
3800,ILL_PERMETER,Ominous Permeter,Ominous Permeter,157,1016710,1,50806,41661,2,5184,7460,288,100,159,60,135,90,120,60,10,12,1,2,40,0x91,250,1100,483,528,0,0,0,0,0,0,0,967,4413,6263,200,7939,100,507,2450,912,1240,522,25,605,1,25315,25,0,0,27115,1
3801,ILL_FREEZER,Ominous Freezer,Ominous Freezer,159,1098142,1,54892,43913,2,5306,7646,146,80,154,111,120,100,142,60,10,12,1,2,41,0x3695,170,1260,960,672,0,0,0,0,0,0,0,967,4413,7070,850,7066,1250,912,1800,526,160,6256,200,689,100,25311,25,0,0,27118,1
3802,ILL_SOLIDER,Ominous Solider,Ominous Solider,161,1184620,1,59190,49128,2,5638,8140,406,116,155,100,170,42,133,50,10,12,1,2,42,0x91,250,1452,483,528,0,0,0,0,0,0,0,967,4413,7070,64,7067,850,508,2100,912,1240,518,850,22083,100,25313,25,0,0,27114,1
3803,ILL_HEATER,Ominous Heater,Ominous Heater,162,1054780,1,52699,44794,2,5876,8474,400,100,177,95,120,100,212,89,10,12,1,2,43,0x3695,250,1452,483,528,0,0,0,0,0,0,0,967,4413,7070,750,697,100,6244,1000,526,140,7054,600,7068,1250,15126,1,25314,25,27116,1
3804,ILL_TURTLE_GENERAL,Ominous Turtle General,Ominous Turtle General,165,23257098,1,933120,748440,2,5512,8069,796,246,232,246,302,189,424,180,10,12,2,2,42,0x6283695,200,900,1000,500,466560,967,5500,607,1500,617,2000,1529,1000,1306,1000,0,0,1417,1000,7070,5335,1141,1000,658,1,25312,50,0,0,27119,1
// Teddy Bear
20255,ILL_TEDDY_BEAR_R,Red Teddy Bear,Red Teddy Bear,155,984216,1,39944,45006,1,2597,3752,212,88,132,100,155,132,133,132,10,12,0,0,23,0x3295,200,512,780,504,0,0,0,0,0,0,0,11620,25,25615,25,1002,100,984,100,2406,2,0,0,0,0,0,0,0,0,27286,1
20256,ILL_TEDDY_BEAR_Y,Yellow Teddy Bear,Yellow Teddy Bear,115,882132,1,38768,46330,1,2296,3335,200,112,102,132,102,182,155,102,10,12,0,0,24,0x3295,200,512,780,504,0,0,0,0,0,0,0,11620,25,25615,25,7317,100,985,100,1617,2,0,0,0,0,0,0,0,0,27286,1
20257,ILL_TEDDY_BEAR_G,Green Teddy Bear,Green Teddy Bear,157,995880,1,43292,50234,1,3400,3907,227,110,129,128,141,173,158,129,10,12,0,0,25,0x3295,200,512,780,504,0,0,0,0,0,0,0,25616,25,25615,25,11620,25,511,200,0,0,0,0,0,0,0,0,0,0,27286,1
20258,ILL_TEDDY_BEAR_W,White Teddy Bear,White Teddy Bear,155,935523,1,40668,47190,1,2544,3678,213,103,121,120,133,162,149,121,10,12,0,0,20,0x3295,200,512,780,504,0,0,0,0,0,0,0,11620,25,25615,25,615,100,1617,1,999,100,0,0,0,0,0,0,0,0,27286,1
20259,ILL_TEDDY_BEAR_B,Blue Teddy Bear,Blue Teddy Bear,152,841971,1,36600,42470,1,2302,3232,192,93,109,108,120,146,134,109,10,12,0,0,21,0x3295,200,512,780,504,0,0,0,0,0,0,0,11620,25,7317,100,998,100,510,100,25617,25,0,0,0,0,0,0,0,0,27286,1
20260,ILL_TEDDY_BEAR_S,Shining Teddy Bear,Shining Teddy Bear,160,21449748,1,3586888,3237228,1,3672,5339,313,152,178,176,195,238,219,178,10,12,2,0,86,36188821,200,512,780,504,360000,969,200,985,300,984,500,7317,3800,985,100,984,100,1242,1000,25619,50,0,0,0,0,0,0,0,0,27287,1
20261,ILL_PITMAN,Hardworking Pitman,Hardworking Pitman,154,916815,1,25000,20000,1,2494,3605,209,101,118,117,130,159,146,118,10,12,2,6,42,33554581,180,960,336,300,0,0,0,0,0,0,0,7318,3000,7319,500,6244,900,999,500,1003,100,1041,1000,7327,80,0,0,0,0,27288,1
20262,ILL_MINERAL,Vicious Soul Fragment,Vicious Soul Fragment,153,870972,1,37862,43934,1,2377,3432,198,96,113,112,124,151,139,113,10,12,0,0,40,0x91,250,648,480,360,0,0,0,0,0,0,0,7321,3000,728,500,714,2,984,100,1011,800,715,100,969,2,25618,25,0,0,27289,1
20263,ILL_OBSIDIAN,Haunted Obsidian,Haunted Obsidian,156,955779,1,37250,35602,1,2596,3755,217,106,124,122,136,166,152,124,10,12,0,0,42,0x3885,350,720,864,504,0,0,0,0,0,0,0,7315,3000,730,500,1003,500,985,100,999,500,1263,10,0,0,0,0,0,0,27290,1
20264,G_ILL_TEDDY_BEAR_R,Red Teddy Bear,Red Teddy Bear,155,928560,1,39944,45006,1,2597,3752,212,88,132,100,155,132,133,132,10,12,0,0,23,0x3295,200,512,780,504,0,0,0,0,0,0,0,0,0,0,0,0,0,0,0,0,0,0,0,0,0,0,0,0,0,0,0
20265,G_ILL_TEDDY_BEAR_Y,Yellow Teddy Bear,Yellow Teddy Bear,115,882132,1,38768,46330,1,1669,2376,200,112,102,132,102,182,155,102,10,12,0,0,24,0x3295,200,512,780,504,0,0,0,0,0,0,0,0,0,0,0,0,0,0,0,0,0,0,0,0,0,0,0,0,0,0,0
20266,G_ILL_TEDDY_BEAR_G,Green Teddy Bear,Green Teddy Bear,157,995880,1,43292,50234,1,2700,3907,227,110,129,128,141,173,158,129,10,12,0,0,25,0x3295,200,512,780,504,0,0,0,0,0,0,0,0,0,0,0,0,0,0,0,0,0,0,0,0,0,0,0,0,0,0,0
20267,G_ILL_TEDDY_BEAR_W,White Teddy Bear,White Teddy Bear,155,935523,1,40668,47190,1,2544,3678,213,103,121,120,133,162,149,121,10,12,0,0,20,0x3295,200,512,780,504,0,0,0,0,0,0,0,0,0,0,0,0,0,0,0,0,0,0,0,0,0,0,0,0,0,0,0
20268,G_ILL_TEDDY_BEAR_B,Blue Teddy Bear,Blue Teddy Bear,152,841971,1,36600,42470,1,2302,3323,192,93,109,108,120,146,134,109,10,12,0,0,21,0x3295,200,512,780,504,0,0,0,0,0,0,0,0,0,0,0,0,0,0,0,0,0,0,0,0,0,0,0,0,0,0,0
// Luanda
20270,ILL_TRI_JOINT,Ancient Tri Joint,Ancient Tri Joint,164,1041750,0,151678,113760,1,3742,5444,144,5,174,88,70,55,145,20,10,12,0,4,22,33568401,200,860,660,624,0,0,0,0,0,0,0,7053,100,943,380,606,200,993,160,1001,140,25638,25,757,106,25642,25,0,0,27291,1
20271,ILL_STALACTIC_GOLEM,Ancient Stalactic Golem,Ancient Stalactic Golem,167,1088100,1,158428,118820,1,3947,5738,412,5,198,98,122,45,158,55,10,12,2,0,80,0x91,200,1264,864,288,0,0,0,25638,25,25619,25,7004,2000,7054,4850,1000,250,997,30,757,250,2147,5,985,175,25638,25,0,0,27292,1
20272,ILL_MEGALITH,Ancient Megalith,Ancient Megalith,167,1062750,1,154736,116052,9,4091,5969,168,18,169,111,89,55,214,40,10,12,2,0,80,0x84,200,1332,1332,672,0,0,0,0,0,0,0,912,100,7049,1000,617,1,25640,25,25638,25,985,100,757,207,0,0,0,0,27293,1
20273,ILL_TAO_GUNKA,Ancient Tao Gunka,Ancient Tao Gunka,169,19280000,1,8003504,6002628,2,6081,8914,905,143,245,216,100,111,212,42,10,12,2,6,60,0x6283695,150,1020,288,144,450000,984,6000,617,3000,505,6000,7300,4850,7067,4850,728,1000,2296,400,504,3000,12738,200,2231,5,25639,1000,25638,50,27294,1
20274,ILL_STONE_SHOOTER,Ancient Stone Shooter,Ancient Stone Shooter,166,1038750,1,151242,113432,10,3997,5828,184,15,170,86,68,44,215,54,10,12,1,3,63,0x3885,175,2413,1248,768,0,0,0,25633,25,25637,25,7203,5000,7201,5000,7188,1000,1019,2000,756,100,7049,1000,25637,25,25633,25,0,0,27295,1
20275,ILL_WOOTAN_SHOOTER,Ancient Wootan Shooter,Ancient Wootan Shooter,164,1053150,1,153338,115004,10,4117,6008,142,21,171,97,74,53,220,45,10,12,1,7,42,0x3885,200,857,1056,576,0,0,0,0,0,0,0,7195,4500,7200,3500,0,0,0,0,7939,100,7182,100,25636,25,25633,25,0,0,27296,1
20276,ILL_WOOTAN_FIGHTER,Ancient Wootan Fighter,Ancient Wootan Fighter,167,1088250,1,158450,118836,1,4007,5828,205,8,198,115,90,42,158,42,10,12,1,7,43,0x3885,200,912,1344,480,0,0,0,0,0,0,0,517,4500,7196,4000,1801,3,1812,1,7939,100,7198,1000,5116,5,25635,25,25633,25,27297,1
20277,ILL_WOOTAN_DEFENDER,Ancient Wootan Defender,Ancient Wootan Defender,169,20154000,1,1860,5985,3,6225,9143,874,143,220,198,102,105,215,165,10,12,2,7,83,0x6283695,200,912,1344,480,450000,0,0,0,0,0,0,517,4500,7196,4000,25634,50,5128,5,7939,100,7198,1000,2419,5,25635,1000,25633,50,27298,1
20278,G_ILL_MEGALITH,Ancient Megalith,Ancient Megalith,167,1062750,1,154736,116052,9,4091,5969,168,18,169,111,89,55,214,40,10,12,2,0,80,0x84,200,1332,1332,672,0,0,0,0,0,0,0,0,0,0,0,0,0,0,0,0,0,0,0,0,0,0,0,0,0,0,0
20279,G_ILL_WOOTAN_SHOOTER,Ancient Wootan Shooter,Ancient Wootan Shooter,164,1648600,1,153338,115004,10,4117,6008,142,21,171,97,74,53,220,45,10,12,1,7,42,0x3885,200,857,1056,576,0,0,0,0,0,0,0,0,0,0,0,0,0,0,0,0,0,0,0,0,0,0,0,0,0,0,0
20280,G_ILL_WOOTAN_FIGHTER,Ancient Wootan Fighter,Ancient Wootan Fighter,167,1528500,1,158450,118836,1,4007,5828,205,8,198,115,90,42,158,42,10,12,1,7,43,0x3885,200,912,1344,480,0,0,0,0,0,0,0,0,0,0,0,0,0,0,0,0,0,0,0,0,0,0,0,0,0,0,0
// Labyrinth
20520,ILL_BAPHOMET,Chaotic Baphomet,Chaotic Baphomet,178,21278744,1,2308530,1502320,1,3150,8260,343,122,180,175,230,136,200,135,10,12,2,6,67,0x6283695,100,768,768,576,198262,607,2000,750,500,923,5000,1466,500,2256,5000,1476,500,714,500,5160,3000,985,5432,984,4171,25780,1000,0,0,0,0
20521,ILL_ANDREA,Chaotic Andrea,Chaotic Andrea,177,1057547,1,54860,40545,1,3500,4125,330,110,139,165,65,200,156,129,10,12,1,7,46,102774933,130,576,432,288,0,0,0,0,0,0,0,7345,500,2217,5,0,0,0,0,2326,5,2324,10,1523,1,25783,50,25784,25,27343,100
20522,ILL_ANES,Chaotic Anes,Chaotic Anes,177,1057444,1,54860,40545,1,2800,4525,297,110,98,125,120,299,156,129,10,12,1,7,46,102774933,130,576,432,288,0,0,0,0,0,0,0,7345,500,2217,5,0,0,0,0,2326,5,2324,10,1523,1,25783,50,25784,25,27343,100
20523,ILL_SILVANO,Chaotic Silvano,Chaotic Silvano,177,1057650,1,54860,40545,1,4210,4758,297,111,138,166,111,170,120,139,10,12,1,7,46,102774933,130,576,432,288,0,0,0,0,0,0,0,7345,500,2217,5,0,0,0,0,2326,5,2324,10,1523,1,25783,50,25784,25,27343,100
20524,ILL_CECILIA,Chaotic Cecilia,Chaotic Cecilia,177,1056411,1,54860,40545,1,2870,4725,297,111,130,135,110,299,156,129,10,12,1,7,46,102774933,130,576,432,288,0,0,0,0,0,0,0,7345,500,2217,5,0,0,0,0,2326,5,2324,10,1523,1,25783,50,25784,25,27343,100
20525,ILL_BAPHOMET_J,Chaotic Baphomet Jr.,Chaotic Baphomet Jr.,177,1057444,0,56000,55000,1,2500,3300,327,108,150,133,90,99,120,136,10,12,0,6,27,13973,100,868,480,120,0,0,0,0,0,0,0,923,3000,984,100,1464,2,607,50,610,100,508,1300,2405,50,25775,25,25784,25,27335,1
20526,ILL_SIDE_WINDER,Chaotic Side Winder,Chaotic Side Winder,176,967531,1,11890,9075,1,3780,5151,341,108,152,200,55,99,130,124,10,12,1,2,25,0x3095,200,1576,576,576,0,0,0,0,0,0,0,954,5335,912,1400,756,134,1120,2,937,2500,926,5000,509,1000,25773,25,25782,25,27336,1
20527,ILL_HUNTER_FLY,Chaotic Hunter Fly,Chaotic Hunter Fly,175,1045087,1,20585,15100,1,2700,4800,313,107,230,174,89,78,200,125,10,12,0,4,44,0x2003885,150,676,576,480,0,0,0,0,0,0,0,996,30,999,100,943,5335,912,1300,756,129,2259,1,1226,2,25778,25,25781,25,27337,1
20528,ILL_MANTIS,Chaotic Mantis,Chaotic Mantis,174,1039216,1,17560,15010,1,2247,3170,315,71,155,133,102,59,146,151,10,12,1,4,22,0x2003095,200,1528,660,432,0,0,0,0,0,0,0,993,110,1031,9000,911,1400,757,70,943,250,721,10,507,650,25774,25,25772,25,27338,1
20529,ILL_GHOSTRING,Chaotic Ghostring,Chaotic Ghostring,173,1033446,1,24305,14467,1,3500,5512,320,71,166,185,99,166,120,143,10,12,1,6,88,0x6203695,300,1220,1080,648,0,0,0,0,0,0,0,1059,5335,2274,100,2336,50,604,500,603,10,714,30,695,100,25782,25,0,0,0,0
20530,ILL_KILLER_MANTIS,Chaotic Killer Mantis,Chaotic Killer Mantis,177,1058167,0,21485,10674,1,4500,5050,348,72,182,156,102,75,169,140,10,12,1,4,22,0x2003695,175,1528,660,432,0,0,0,0,0,0,0,1031,4550,943,2500,721,10,509,15,514,25,1262,1,2108,1,25772,50,0,0,27340,1
20531,ILL_POPORING,Chaotic Poporing,Chaotic Poporing,173,1032638,1,10495,10680,1,3260,3788,296,70,170,133,120,98,136,105,10,12,1,3,25,0x83,300,1672,672,480,0,0,0,0,0,0,0,938,5500,910,1500,511,500,514,200,512,5,1207,5,601,250,25777,25,0,0,27341,1
20532,ILL_STEM_WORM,Chaotic Stem Worm,Chaotic Stem Worm,172,1027071,1,12970,11105,1,2780,4110,307,70,155,137,125,100,184,130,10,12,1,3,24,0x3095,300,1956,756,528,0,0,0,0,0,0,0,7012,5335,509,1800,1968,10,756,115,997,5,25781,25,608,45,25776,25,25779,25,27342,1
20533,G_ILL_BAPHOMET_J,Chaotic Baphomet Jr.,Chaotic Baphomet Jr.,177,1057444,0,56000,55000,1,2500,3300,327,108,150,133,90,99,120,136,10,12,0,6,27,13973,100,868,480,120,0,0,0,0,0,0,0,0,0,0,0,0,0,0,0,0,0,0,0,0,0,0,0,0,0,0,0

//Illusion of Underwater
20801,ILL_SROPHO,Illusion Sropho,Illusion Sropho,147,456823,1,65000,32000,1,2571,1843,224,81,221,110,60,90,115,50,10,12,1,5,61,0x2003695,135,700,600,360,0,0,0,0,0,0,0,951,7000,7938,500,756,250,12012,25,1971,25,1972,10,25899,15,25893,120,0,0,300140,1
20802,ILL_OBEAUNE,Deep sea Obeaune,Deep Sea Obeaune,149,450238,1,62475,28774,1,2504,2311,255,90,166,87,101,233,196,55,10,12,1,6,41,0x2003695,200,1872,672,288,0,0,0,0,0,0,0,25899,10,950,4500,0,0,2326,5,720,5,951,250,748,15,0,0,25894,120,300141,1
20803,ILL_DEVIACE,Deep Sea Deviace,Deep Sea Deviace,150,488355,1,49989,27288,1,2168,1245,274,91,157,126,32,64,112,75,10,12,1,5,81,0x2003695,400,1680,480,384,0,0,0,0,0,0,0,995,25,1053,9000,1054,1000,5011,2,971,200,1256,3,756,161,25892,120,25899,15,300142,1
20804,ILL_MARSE,Deep Sea Marse,Deep Sea Marse,149,475141,1,52500,27300,1,2470,1840,288,100,133,37,85,156,133,60,10,12,0,5,41,0x2003695,300,1956,756,528,0,0,0,0,0,0,0,1024,4500,962,1500,0,0,720,5,995,6,1007,3,514,150,25895,120,25899,15,300143,1
20805,ILL_MERMAN,Deep Sea Merman,Deep Sea Merman,148,467534,1,37940,14030,1,2132,1432,268,75,97,84,46,74,96,110,10,12,1,7,61,0x2003695,220,916,816,336,0,0,0,0,0,0,0,1054,1300,2317,2,607,40,720,40,995,35,1468,3,756,203,25896,120,25899,15,300144,1
20806,ILL_SEDORA,Deep Sea Sedora,Deep Sea Sedora,199,3075143,1,264887,122457,1,3758,1475,274,100,221,74,61,101,227,105,10,12,1,5,64,0x6203295,120,504,960,576,0,0,0,0,0,0,0,962,2500,2424,3,6256,15,7939,15,1024,1500,603,5,991,25,25892,300,25899,30,300146,1
20807,ILL_SWORD_FISH,Deep Sea Swordfish,Deep Sea Swordfish,199,3197411,1,258447,125874,1,3849,2413,288,71,185,256,215,122,247,105,10,12,2,5,61,0x6203295,200,1968,768,384,0,0,0,0,0,0,0,995,5,963,4500,756,17,2257,1,757,25,1913,2,956,300,25899,30,25893,300,300147,1
20808,ILL_STROUF,Deep Sea Strouf,Deep Sea Strouf,201,3267419,1,262447,129478,1,4124,2245,277,80,221,176,121,282,273,146,10,12,2,5,61,0x6203295,150,1872,672,384,0,0,0,0,0,0,0,951,2668,756,58,0,0,1470,1,949,1500,720,10,956,750,25895,300,25899,30,300148,1
20809,ILL_PHEN,Deep Sea Phen,Deep Sea Phen,199,3097158,1,256475,128447,1,2948,1245,219,90,246,112,95,117,246,144,10,12,1,5,41,0x6203295,150,864,400,150,0,0,0,0,0,0,0,0,0,0,0,0,0,0,0,517,1200,25899,30,25894,300,951,700,963,580,300149,1
20810,ILL_KING_DRAMOH,Deep Sea King Dramoh,Deep Sea King Dramoh,205,3215698,1,248447,122458,1,3324,2457,330,40,274,86,224,116,297,106,10,12,2,5,61,0x6203295,140,576,720,720,0,0,0,0,0,0,0,6256,50,960,2500,943,2500,2650,3,7938,100,995,25,991,25,25896,300,25899,30,300150,1
20811,ILL_KRAKEN,Deep Sea Kraken,Deep Sea Kraken,204,14342360,1,3470448,1445748,3,5427,2475,335,271,268,192,221,234,301,180,10,12,2,5,81,0x6283695,150,768,768,576,491666,607,5500,617,2250,12246,1000,962,9000,1422,1000,1484,500,1131,300,2347,100,7444,5000,0,0,25899,1000,7324,1000,300151,1
20843,ILL_ABYSMAL_WITCH,Deep Sea Witch,Deep Sea Witch,205,75746433,1,4870445,2457448,3,4624,2764,452,81,176,154,177,247,309,122,10,12,2,6,81,0x6283695,200,1020,500,768,491666,0,0,0,0,0,0,0,0,0,0,0,0,0,0,12246,1000,25899,1000,25899,1000,25899,1000,25897,1000,300145,1

//Skyfrost
3473,AS_RAGGED_GOLEM,Stefan J.E Wolf,Stefan J.E Wolf,160,10000000,1,0,0,3,2800,3200,100,68,100,50,100,100,110,50,10,12,2,1,89,0x6203885,500,1500,500,1000,0,0,0,0,0,0,0,984,5000,985,5000,0,0,0,0,0,0,0,0,0,0,0,0,0,0,0,0
3474,AS_BLOODY_KNIGHT,Immortal Cursed Knight,Immortal Cursed Knight,160,10000000,1,7513,8457,2,4785,4977,138,53,102,104,72,57,98,57,10,12,1,6,47,0x6203885,500,1500,500,1000,0,0,0,0,0,0,0,985,500,0,0,0,0,0,0,0,0,0,0,0,0,0,0,0,0,0,0
3475,AS_WIND_GHOST,Immortal Wind Ghost,Immortal Wind Ghost,160,10000000,1,9086,17532,5,2513,3315,105,41,100,63,35,99,106,61,10,12,1,6,47,0x6203885,500,1500,500,1000,0,0,0,0,0,0,0,984,5000,985,5000,0,0,0,0,0,0,0,0,0,0,0,0,0,0,0,0
3476,AS_ZOMBIE,Immortal Zombie Soldier,Immortal Zombie Soldier,160,405694,1,10570,10100,1,1504,1625,128,84,5,99,39,48,30,24,10,12,1,6,47,0x6203885,500,1500,500,1000,0,0,0,0,0,0,0,0,0,0,0,0,0,0,0,0,0,0,0,0,0,0,0,0,0,0,0
3477,AS_IMMORTAL_CORPS,Immortal Fortress Legion,Immortal Fortress Legion,160,405694,1,11040,10730,1,1851,2022,103,25,109,76,61,53,98,30,10,12,1,6,47,0x6203885,500,1500,500,1000,0,0,0,0,0,0,0,28706,50,28008,50,0,0,0,0,0,0,0,0,0,0,0,0,0,0,0,0
3478,AS_ZOMBIE_SLAUGHTER,Immortal Fortress Key Keeper,Immortal Fortress Key Keeper,160,423332,1,11040,10730,1,1851,2022,103,25,109,76,61,53,98,30,10,12,1,6,47,0x6203885,500,1500,500,1000,0,0,0,0,0,0,0,6960,10000,28605,50,13328,50,0,0,0,0,0,0,0,0,0,0,0,0,0,0
3479,AS_ZOMBIE_MASTER,Immortal Zombie Assaulter,Immortal Zombie Assaulter,160,405694,1,11500,10100,1,1653,3274,140,44,155,126,89,108,213,76,10,12,1,6,47,0x6203885,500,1500,500,1000,0,0,0,0,0,0,0,28605,50,1800,50,2026,50,0,0,0,0,0,0,0,0,0,0,0,0,0,0
3480,AS_CURSED_SOLDIER,Immortal Cursed Zombie,Immortal Cursed Zombie,160,405694,1,10101,10003,1,1850,3451,81,87,119,87,86,60,94,55,10,12,1,6,47,0x6203885,500,1500,500,1000,0,0,0,0,0,0,0,18121,100,13128,50,21016,50,0,0,0,0,0,0,0,0,0,0,0,0,0,0
3481,AS_EVIL_SHADOW1,Immortal Nightmare Shadow,Immortal Nightmare Shadow,160,423330,1,6666,7332,2,1444,1944,106,44,44,166,44,44,166,44,10,12,1,6,47,0x6203885,500,1500,500,1000,0,0,0,0,0,0,0,985,10000,1450,50,28107,50,0,0,0,0,0,0,0,0,0,0,0,0,0,0
3482,AS_EVIL_SHADOW2,Immortal Angry Shadow,Immortal Angry Shadow,160,388054,1,279836,260199,1,2730,3990,80,180,155,88,110,135,154,59,10,12,1,6,47,0x6203885,500,1500,500,1000,0,0,0,0,0,0,0,1900,50,16041,50,1996,50,0,0,0,0,0,0,0,0,0,0,0,0,0,0
3483,AS_EVIL_SHADOW3,Immortal Death Shadow,Immortal Death Shadow,160,423330,1,280009,267592,1,3020,4265,80,150,165,82,110,122,154,52,10,12,1,6,47,0x6203885,500,1500,500,1000,0,0,0,0,0,0,0,1600,50,13455,50,1400,50,0,0,0,0,0,0,0,0,0,0,0,0,0,0
3484,AS_D_RAGGED_GOLEM,Stefan J.E Wolf,Stefan J.E Wolf,160,20000000,1,2800090,2675920,3,4500,6500,100,68,200,100,200,200,220,100,10,12,2,1,89,0x6203885,500,1500,500,1000,0,603,2500,0,0,0,0,21018,1,28010,1,607,1000,608,1000,984,2500,985,2500,2027,1,0,0,0,0,31026,1

// Other Official Mobs
3514,POPE_MD_E_BISHOP,Angry Bishop,Angry Bishop,121,2500000,1,100000,50000,3,1250,1350,230,162,191,223,187,155,241,163,10,12,1,0,68,102776469,200,444,1520,176,0,0,0,0,0,0,0,0,0,0,0,0,0,0,0,0,0,0,0,0,0,0,0,0,0,0,0
3522,POPE_MD_H_BISHOP,Angry Pope Bishop,Angry Pope Bishop,105,100000,0,75000,37500,1,1234,300,150,80,64,24,70,110,93,24,10,12,1,7,66,102776469,160,600,400,420,0,0,0,0,0,0,0,0,0,0,0,0,0,0,0,0,0,0,0,0,0,0,0,0,0,0,0
3599,AB_ARTHUR,Abyss Arthur,Abyss Arthur,150,800000000,0,100000,100000,3,11000,4000,333,222,200,200,200,200,200,200,12,12,2,8,86,103298709,130,1250,550,250,100000,0,0,0,0,0,0,7179,10000,0,0,0,0,12103,10000,0,0,6439,10000,6438,10000,7539,10000,0,0,0,0
3731,SCATLETON,Scatleton,Scatleton,14,140,0,10,5,2,50,24,140,240,10,12,8,5,17,7,10,10,0,6,27,33556629,140,670,360,400,0,0,0,0,0,0,0,0,0,0,0,0,0,0,0,0,0,0,0,0,0,0,0,0,0,0,0
3786,E_TURPECO,Turkey Peco Peco,Turkey Peco Peco,100,25000,1,162,183,1,76,83,48,0,21,10,13,5,28,5,10,12,2,2,23,0x1089,200,1564,864,576,0,0,0,0,0,0,0,925,9000,2402,20,508,200,507,900,1604,100,0,0,582,1000,0,0,0,0,0,0
3805,E_HAPPY_EGG,Happy Egg,Happy Egg,7,1000,1,54,41,0,1,1,16,5,4,10,22,8,10,5,10,12,0,0,60,0x0,1000,1001,1,1,0,0,0,0,0,0,0,0,0,0,0,0,0,0,0,0,0,0,0,512,200,606,100,6439,5,0,0
3806,E_STRANGE_EGG,Strange Egg,Strange Egg,7,2500,1,54,41,0,1,1,16,5,4,10,22,8,10,5,10,12,0,0,60,0x0,1000,1001,1,1,0,0,0,0,0,0,0,0,0,0,0,0,0,0,0,0,0,0,0,512,200,606,100,6438,5,0,0
3810,MD_KING_PORING,King Poring,King Poring,1,60,1,27,20,1,8,1,2,5,6,1,1,0,6,5,10,12,1,3,21,0x83,400,1872,672,480,0,0,0,0,0,0,0,909,7000,1202,100,938,400,512,1000,713,1500,512,150,619,20,0,0,0,0,4001,1
3960,MISTRESS_MJ,Mistress,Mistress,100,99999999,1,0,0,0,0,0,90,90,90,90,90,90,90,50,0,200,1,7,20,0x73400352,200,0,0,0,0,0,0,0,0,0,0,0,0,0,0,0,0,0,0,0,0,0,0,0,0,0,0,0,0,0,0
3971,SKELION,Skelion,Skelion,14,140,0,10,5,2,50,24,140,240,10,12,8,5,17,7,10,10,0,6,27,33556629,140,670,360,400,0,0,0,0,0,0,0,0,0,0,0,0,0,0,0,0,0,0,0,0,0,0,0,0,0,0,0

// Other Official ???
20269,GUILD_SKILL_FLAG,Guild Flag,Guild Flag,90,650,1,0,0,0,1,2,160,99,1,1,1,1,1,1,0,0,2,0,20,0x6370000,300,1288,288,384,0,0,0,0,0,0,0,0,0,0,0,0,0,0,0,0,0,0,0,0,0,0,0,0,0,0,0

20390,MD_GH_WHITEKNIGHT,White Knight,White Knight,122,23297,1,4779,4013,1,810,1002,102,50,121,55,68,70,97,37,10,12,2,7,87,0x3695,300,1500,500,1000,0,0,0,0,0,0,0,1064,5335,7023,5,2318,1,1421,25,0,0,985,369,15014,10,0,0,0,0,4140,1

20423,BACSOJIN2,White Lady,White Lady,1,1,1,0,0,3,1,1,121,79,400,160,161,100,380,140,10,12,2,0,88,0x6203695,150,76,864,0,0,0,0,0,0,0,0,0,0,0,0,0,0,0,0,0,0,0,0,0,0,0,0,0,0,0,0
20424,MOONLIGHT2,Moonlight,Moonlight,1,1,1,0,0,3,1,1,121,79,400,160,161,100,380,140,10,12,2,0,88,0x6203695,150,76,864,0,0,0,0,0,0,0,0,0,0,0,0,0,0,0,0,0,0,0,0,0,0,0,0,0,0,0,0
20425,PHREEONI2,Phreeoni,Phreeoni,1,1,1,0,0,3,1,1,121,79,400,160,161,100,380,140,10,12,2,0,88,0x6203695,150,76,864,0,0,0,0,0,0,0,0,0,0,0,0,0,0,0,0,0,0,0,0,0,0,0,0,0,0,0,0

20534,G_REGINLEIF,Valkyrie Reginleif,Valkyrie Reginleif,170,800000000,1,1000000,1000000,1,8250,8350,321,265,229,182,15,301,402,99,10,12,2,8,80,0x6283695,100,398,384,288,1000000,0,0,0,0,0,0,0,0,0,0,0,0,0,0,6439,10000,6438,10000,12103,10000,0,0,0,0,0,0

20541,MD_ED_LGTHIGHGUARD,Beautiful Officer,Beautiful Officer,150,750000000,1000,100000,5000,7,9150,3125,340,79,135,211,198,156,197,97,10,12,2,7,85,0x6283695,120,411,510,410,1000000,0,0,0,0,0,0,7539,10000,0,0,0,0,0,0,31309,10000,0,0,7179,10000,0,0,0,0,0,0
20542,MD_ED_LGTGUARD,Guard,Guard,177,1057444,0,56000,55000,1,2500,3300,327,108,150,133,90,99,120,136,10,12,0,6,27,13973,100,868,480,120,0,0,0,0,0,0,0,0,0,0,0,0,0,0,0,0,0,0,0,0,0,0,0,0,0,0,0
20543,MD_ED_M_SCIENCE,Crazy Scientist,Crazy Scientist,189,750000000,1,100000,100000,1,9820,2800,641,98,210,200,156,100,321,120,10,12,2,7,85,0x6283695,100,76,384,288,1000,0,0,0,0,0,0,20748,10000,0,0,0,0,23016,10000,22687,10000,0,0,0,0,0,0,23080,10000,0,0

20570,SAECOM,Saecom,Saecom,175,750000000,1,100000,100000,2,5670,1510,514,19,150,143,120,211,218,66,10,12,2,8,85,103331477,120,212,504,432,1000,0,0,0,0,0,0,6438,10000,7539,100000,0,0,7179,10000,0,0,6439,10000,12103,10000,0,0,0,0,0,0
20571,ORK_HERO2,Orc Hero,Orc Hero,1,20571,1,0,0,1,1,1,121,79,400,160,161,100,380,140,10,12,2,0,88,103298709,150,76,864,0,0,0,0,0,0,0,0,0,0,0,0,0,0,0,0,0,0,0,0,0,0,0,0,0,0,0,0
20619,GLOOMUNDERNIGHT2,Gloom Under Night,Gloom Under Night,139,3005000,1,0,0,3,1000,1000,479,262,191,223,187,155,241,163,10,12,2,0,68,0x6283695,200,1344,2880,576,1080000,0,0,0,0,0,0,0,0,0,0,0,0,0,0,0,0,0,0,0,0,0,0,0,0,0,0

3982,AB_MOB_056,Crystal,Crystal,1,20,0,0,0,1,1,1,100,99,0,0,0,0,0,90,7,12,0,3,26,0x170000,2000,1,1,1,0,0,0,0,0,0,0,510,5500,508,1000,509,1000,710,5,608,20,7938,500,607,50,0,0,0,0,714,1
